0.6200343871066987
0.22510167785094212
0.15802262379055798
0.1339550434342178
0.12092626650154498
0.11215194688480735
0.10556608449873105
0.10024954630948438
0.09576030289288726
0.09187945384007334
0.0884897196828545
0.08549539506882846
0.08280736223819361
0.08036064525668825
0.07811985975911728
0.0760573227009408
0.07415717069767758
0.07241205321086289
0.07080945117810158
0.069326196834228
0.0679453029753698
0.06665640891534093
0.06544839578642787
0.0643080154427242
0.06321006091624704
0.062168120226650234
0.0611846699854718
0.06025666767213134
0.059378973556138935
0.05854614376741724
0.057751141809670885
0.05698588766878455
0.056251026619901466
0.055549964693147186
0.0548775900253958
0.05422825594798476
0.05360266081089887
0.053000916003597985
0.052419382618285944
0.05185449386975091
0.05130733094491035
0.05078118906209139
0.050277559341510576
0.049794201912410796
0.049326122736096156
0.04886844530551464
0.04841981481127947
0.04798234250575161
0.04755780875020539
0.047146848522736505
0.046750006752242994
0.04636660186207217
0.045993577631158696
0.045628659590146836
0.045273149990159835
0.04492833346921382
0.044592235846368476
0.04426279579727716
0.043939458444621306
0.04362009923143223
0.043309034913712276
0.04301327338971085
0.0427266716043056
0.042441923911744776
0.04216166149630861
0.041889191136926185
0.0416242279502506
0.04136633783079789
0.04111600954856997
0.04087367257805696
0.04063827221417271
0.040402588066208896
0.040161014667050125
0.03992272353404025
0.03968933677925357
0.03946113654987808
0.03923885183254012
0.039021930732814916
0.03880809588346829
0.038594257816488745
0.038378585743666156
0.03816039128121811
0.037940317302333826
0.03773112297669098
0.037522765383761404
0.03730765515720742
0.037102700493584856
0.036903137603819726
0.036696747038176145
0.03648831660145108
0.03628824573871757
0.03609454912381527
0.0359011976498515
0.035707838654615534
0.03551699247396458
0.03533128016166178
0.03514716701000776
0.03494622660587079
0.03476198650699419
0.03458776109920761
0.03441787709342287
0.0342543265051098
0.034099496029331156
0.03395029848223506
0.03380795280824858
0.03368157997385419
0.03354269267969531
0.03336884588220383
0.033202482884921815
0.033071350183955454
0.03297266990037486
0.03282442790569053
0.032706117861246796
0.0325397258279923
0.03238855389811454
0.03224328722177335
0.032100680061400974
0.03196957754928843
0.03184694666120494
0.03172626144480021
0.031609462166342216
0.03150584365957748
0.031403629617433024
0.03130145364316653
0.031202304416020652
0.03109006347705107
0.030935853168249604
0.030852804941652212
0.030762715667498424
0.03069513305506446
0.03063109992458018
0.030660122517197998
0.030604381550882232
0.030416209458505743
0.030177880520679292
0.030105045528862884
0.0300345562260156
0.03000926154390621
0.02979909446623071
0.029678228115220515
0.029515541043168492
0.029419304757572703
0.029280421973975422
0.029162586568630328
0.02904498153342725
0.028979576853849526
0.02894027538446862
0.02884861658591498
0.028869816903063214
0.02865636806337615
0.028651871788933726
0.028505740350823257
0.028421570452501828
0.02850260467196845
0.028367105180014656
0.028564781698786137
0.028409374427265485
0.028202971009445573
0.028087760374420116
0.02799531465205077
0.027863363522739867
0.027958302604457013
0.02777891414762315
0.027834285801049945
0.027638996014933817
0.027572678118518774
0.027874721481814344
0.027426620522288992
0.027310662606964204
0.027206355515247426
0.02718767302497919
0.027319093216198295
0.02705860476744137
0.026842492451694875
0.02674253545302292
0.02669732587003343
0.02653285242976319
0.026502213618821678
0.026587076031994335
0.02655289407025044
0.02658374406675271
0.02686251082473713
0.02651438701491793
0.02659594315309546
0.026411598306793106
0.02637165715900983
0.026162371382848455
0.02642887059579911
0.02631250019764761
0.02609063052443882
0.02610183244981081
0.026146499854551447
0.02672850378191967
0.026192867362005653
0.02613645702117744
0.02683864560838016
0.025979183097073057
0.025813875722124013
0.02588471325140641
0.02585841520816571
0.026092505525066773
0.02595841775828996
0.025597832364942834
0.02576879512610817
0.026418607205443534
0.025959619040441057
0.025742686744161417
0.02596616199415601
0.02540527863280976
0.025612920574416574
0.025854661764123956
0.025253172248749404
0.024988266477188166
0.02491979070064443
0.025453215515615725
0.026064743378021817
0.025656527961537428
0.02556247642508001
0.025331216874037006
0.025195867722045143
0.025585285303379692
0.025092877364535887
0.024984425123502275
0.024653537654220573
0.024549659293721514
0.02444808190328562
0.024322499856149465
0.024180862697600513
0.024296935298159586
0.025398167128668176
0.025643572522510732
0.025062765349925294
0.025280512908732393
0.02498173397847141
0.024814520113881085
0.024412660755475865
0.02426148765124984
0.023985240383393898
0.024645925409983442
0.02410916385856991
0.023964428151470138
0.024732441637845128
0.025019182929159615
0.02461447639926483
0.024104998766049032
0.023915777539809984
0.02421426451051697
0.024627906968539677
0.024321603896946348
0.024801137274496607
0.02434588987719196
0.02427752920672391
0.024192939402559326
0.02385188405768089
0.023717940795043746
0.023589810746550623
0.024670833447861112
0.023713631915917213
0.024015478658077457
0.023482215936077508
0.023912766872580215
0.023883460823699017
0.023392810379128992
0.023940881455532637
0.023919930798669768
0.023950078937630983
0.02378240381554016
0.02400412430056411
0.02401395777179939
0.024000306945534233
0.02360721948050775
0.023601918875109786
0.023076809482737753
0.02311922101805465
0.022990330660235616
0.022967499567632648
0.02302845660412757
0.022686506679466336
0.022590154474278264
0.022460428713647465
0.02244003794322141
